247, 99, 165, 600
67, 380, 190, 48, 733
831, 853, 608
370, 856, 423, 894, 122, 132, 8
984, 604, 438, 86, 583
541, 562, 798, 204
573
899, 554
655, 830, 563, 3
937
359, 267
318
746, 506, 117, 546, 856, 677
915, 706
103, 393, 612, 481
259, 346
889, 591, 998, 828, 989
229, 931, 830, 425
512, 223, 877, 775
392, 788
900
143, 479
498, 328, 343, 533, 917
933, 694
724, 397, 868, 746
411, 599
295, 113, 907
777, 378

867, 638
768, 535
734, 476, 813
580
678, 623, 840, 775
971, 386, 665, 882, 486
671, 921, 279
412, 855
804, 342
205, 858
283
93, 757
963, 213
784, 652, 457, 262
492, 564, 356, 956
486, 599
762, 796, 81
660
50
1
995, 254, 476, 889
706, 47, 955, 122
547, 761, 573, 239, 104, 569

949, 989

906, 480, 716, 716
479
760
981, 110, 992, 492
262, 397, 834, 502
257, 558
739, 523, 917, 308
927, 819, 307, 961
384, 692, 544, 220
353


1, 764, 681, 390
746
679, 173
102, 586

942, 108
557, 617
985
430, 943
151, 980
827
753
409, 648, 980
552, 495, 659
45
284
480, 360
588, 186, 182
287, 680
773, 4, 490, 877
757, 736, 455, 952
779, 625
696
482, 147
160, 385
733, 986, 107
40, 292, 341, 445

205, 591, 595, 398
768
784, 369, 984

234, 502, 0, 490, 283, 884
889, 599
366, 467, 308
614, 70, 997, 155
14, 779, 505, 431, 616
472, 596, 51, 669, 525, 245
669, 170, 238, 948
929, 917
240, 150, 763, 92
72, 276, 482
213
628, 393, 58, 523, 906
545, 231
185
609, 753, 26, 307
481, 751, 535, 573
425, 612
973, 241, 669, 170, 658
12, 689, 479, 697, 165, 261, 243
906, 386, 285, 439
257, 397, 730
344, 186, 731, 160, 189
217, 819, 513, 999, 143, 587
776, 945, 637, 370, 50, 3, 375, 603
268, 893, 548, 528, 773
797
898, 638, 436
698, 807
603, 729, 293, 383, 230
356, 300, 972, 462
503, 888, 897
142, 746, 384, 818
678, 322
729, 187, 3
975, 839, 648
576, 431
815, 832
338, 834, 880
727
362, 456, 395, 452
437, 552, 553, 466, 940
575, 600
231, 744, 417, 666
612, 130, 429
379, 21, 121
877
691, 169

90, 496, 299, 683, 884, 988
757, 350, 214, 391
456, 400
793, 321, 488, 107
76, 731, 959

996, 487
776, 394, 385
294, 102, 562
849
590, 755, 358, 448
882, 749, 808, 657
385, 292, 188
91, 403, 120

565
431, 248, 640, 787, 222
209
350, 437, 334, 418, 117, 795, 0
785
578, 575, 339, 645, 862
442
987, 458, 145, 929
254, 702, 531, 993, 655, 116, 207, 105, 174, 981
944, 433
622, 442, 516
665, 758, 691, 414, 69, 335
191, 384, 350, 170, 376
477
786, 927
312, 536, 463
362, 917
666, 457, 461, 246
731, 755, 416
575
757, 84
477
915, 527, 373
685, 654, 625, 112
120, 84
132, 796
355, 697, 880, 159
630, 528, 842, 120
1, 902, 769, 939
292, 275, 174, 527
674
673
471
753, 449, 710, 706, 289, 494
492, 825, 808
571, 759, 897, 371
604, 292, 419


711, 871
974
813, 263
841, 5, 876, 893
95, 38
828, 552
788, 170
504
164
840, 290
612
818, 290, 950, 914, 772
109, 358, 41
294, 148
559, 329, 658, 458, 651
275, 741
827, 121, 537
982, 927
789, 755
542, 63, 928
659, 763, 496, 889, 370, 797, 363, 491
163
952, 18, 928, 253
377

640, 971
686, 341, 685, 810, 891
474, 668, 257
17
692, 127, 565
141, 516, 111, 836, 990
987
809, 642
99, 305

279
331, 753, 412
420, 241, 577, 105, 378
309, 51
107, 584, 334
238, 116
629, 531
956, 499, 117
367, 410
944, 104
433, 757, 645, 179
0, 500, 809, 721, 875
163, 438

856, 808, 587, 602, 726
635, 542, 710, 331
971, 516, 874, 937
310, 910, 289, 223
925, 170, 712, 975, 515, 49
883, 953, 683, 693
616
60, 119, 228
269, 664, 373
15
459, 279
117
755, 726, 59, 42
285, 455, 652, 203, 754
982
497, 763
724, 292, 640, 688, 997
10, 942
123
258, 343, 823, 459, 314
499, 430, 486, 798, 284
856
541, 934
550, 937, 874
425, 306, 620
216, 191, 719, 663, 397, 550
594, 502, 760, 108, 956
627, 964, 519
543, 352, 404
236, 292, 260, 632, 35, 807
982, 547
662, 729, 374
661
39, 99, 856
660, 411, 421, 82, 270
263, 118, 549, 593
410, 665, 565
923, 85, 444, 459
934, 932
253, 195
212, 911, 210
897
93, 191, 198, 159, 266, 279, 974, 968
127
214, 572, 155, 720, 794, 587
26, 518
959, 614, 502
524, 369, 417, 804
569
825, 519, 147, 839
319, 128, 379, 901, 722, 451, 561
830
621, 654, 945, 738, 385, 759
996
958, 814, 862
653, 234, 596, 878
957, 796, 274, 786, 694
827, 974, 647, 697, 407, 62, 113
61, 101
239
253
977, 433, 721, 830, 433
177, 481, 358, 867, 506
930, 454, 460, 584
508, 607, 269
566
622, 785
888, 487
404, 11, 750
300, 663, 688

150
563, 576, 131
957, 350
635, 402, 815
381, 515

929, 530
22, 945
215, 414, 726
489, 412, 345, 477, 844
237, 720, 419, 251
913, 995
695, 485
165, 375, 240
173
584, 354
992, 833, 698
681, 948, 728, 136
167
506, 710
227, 637, 582, 93
37
269, 22
120, 673, 539
403, 795, 406, 330, 563, 965
513, 929, 987, 902, 15
541, 854, 392
368, 540, 429, 728
980
165, 796, 626, 174, 148, 323
627
278, 692
665, 64
372, 336, 474
188, 725, 748, 659
128, 588, 810, 693, 43, 714
794
312, 213, 157
693, 10
528, 83

921, 138, 696, 178
221
935, 567, 576
407, 449, 428, 980
101, 416, 994, 411
508, 574, 244, 530
507, 348, 937, 623, 706, 543
297, 442, 97
769, 3, 122, 221
950, 503, 440, 197
415, 354, 963, 663
545, 258, 579, 184, 710
920, 542, 434, 281
334, 122
414, 670, 685, 519, 174
987, 224
560, 27, 238
143, 300, 714
1, 798, 967
557, 325, 477

959, 127
63, 898, 174, 130
159, 640, 91, 154, 725, 302
34, 118, 902, 879, 580
937
761, 480, 882
789
830, 974, 753, 67
148
746, 624, 19, 891, 347
14, 110, 525, 793, 868, 538
815, 154, 884
138
628, 823
59, 24, 119, 275
720, 754, 95
959, 880, 957
600, 149, 675
593, 476, 869
324, 954
345, 160
572, 499, 318, 278, 634
884
586, 345, 664
677, 365, 491, 824, 307, 440, 930
590, 824, 821
538, 79, 993
286, 244
284, 784, 548, 366, 871, 504, 25
330, 449, 698, 652, 36, 237
870, 915, 668, 689
460, 437, 376, 329, 173
953, 372, 521, 909, 886
548, 366, 624, 180
857, 297, 846, 141
778, 165
633, 331, 198, 830, 443
238, 578, 487
712, 578, 912, 627, 284, 545, 713
908
456, 3, 451, 821
751, 999, 806
115, 274, 17
429, 583
942, 723, 690
365, 520, 763
426, 142, 348, 949
270, 659, 75
163, 103, 450, 134

171, 246, 311, 734, 801, 311
778, 951, 451, 808, 374, 812, 751
711, 793, 965, 756, 530, 484
125, 529, 528
414, 139, 165, 568, 455
878, 723, 4, 891, 749, 248
942, 769, 118
371, 520, 407
865, 995, 987, 643, 838
369, 168, 172, 741
419, 749
287, 993
549, 93
625, 912, 464

631, 157
195, 412, 365
891, 543, 431, 516
888, 434, 423, 621, 300
138
839, 800
879, 987, 313
87, 263, 739, 872, 437
423, 468, 149, 138, 548
858, 42, 909, 179, 535
169, 215
260, 287, 269
683, 414, 463, 943, 313
179, 675
478, 715, 532, 128
460, 679, 177
581, 446
795
684, 139
775, 101, 655
456, 929
670
873, 537
194, 543
765, 739, 104
596
228, 591, 793, 354
792, 813
619, 767, 774, 31, 681, 664, 401, 49
175, 381, 330, 183
462, 665
117, 56, 972, 853, 21
625, 388, 797, 55, 837, 83
114, 312, 522, 680, 14, 568
90, 108
639
525, 499, 435
333
44, 270, 34
420, 688, 317, 153, 694
150
330, 783, 872
672, 86, 99
910, 696, 407, 221
196, 43, 704, 58

660, 811, 195
80, 800
732, 147, 221, 527, 698, 862
679, 265, 743
22, 853, 965, 999
270, 404, 657, 484, 243
247, 990
741
276, 99, 296, 59
371, 518, 129
692, 979, 208, 411
560, 103, 857
12, 340, 312, 974
368, 639, 947
314, 367, 970
855, 791, 854

742, 866
626, 701, 18
346, 789, 121
872
325, 543, 254
588, 231, 252, 642, 450, 172
566, 745, 656
836, 810, 295, 503, 805, 637
606, 299, 728, 277, 376
927, 650, 440, 428
415, 883
481
61, 110
297
484, 393, 606, 104, 718
699, 861
993, 184, 191, 496
360, 866, 189, 832, 123, 530, 436
436
883, 367, 528, 435, 327
170, 242, 946, 746
728, 654, 573, 462, 798
644, 22, 752
775, 603, 692
621, 30, 114, 457
780, 177
787, 470, 217
409, 895, 393
344, 755
348
347, 5, 796, 272, 813
220, 251, 374, 730
450, 278, 368, 515, 471
63, 755, 973
916, 373, 647, 111, 421
12
871, 51, 280
675, 416, 456, 123, 411
445, 285, 678
709, 273, 275
644, 562
139, 80, 206
139, 622
636, 715, 7, 581, 883
635
731, 916, 619
381, 73, 579
708, 697, 60
751, 942, 215
505, 378, 637
577, 300
5, 155, 551
322, 345, 8
811, 816, 43
162, 230, 286
315, 517
933, 583, 779, 364, 995, 992, 761
437, 662, 628, 481
612, 298, 849, 51

783, 197
404, 294, 582
532, 51, 114, 6
367, 951
181, 167, 140
134, 322, 809, 364
561, 238, 993
167, 421, 420, 770
591, 373, 557, 943
32, 386
464, 554, 650
637, 952, 994, 898, 572, 341, 587
766, 426, 567, 4, 718, 597
240, 596, 336, 590, 313
816, 831
406, 668, 70
250, 582, 294, 121
662, 910, 84, 356, 516

408, 862, 157, 584, 649, 716
16, 95, 579, 474, 849
660, 878, 644, 929
401, 285
276, 979
95, 880
637, 839, 584, 104, 305, 473
603, 834, 583, 825
805
738, 100, 44, 25
400, 0, 934, 140

628, 250, 872
127, 597, 967, 534, 122
198, 978, 4, 634
710, 788, 969
519, 525
314, 757
2
113, 748


142, 569, 886, 115, 14, 211, 664

102, 758, 296
997, 839, 617
945, 256, 951, 792, 103
615, 73

476, 556
274
302, 535, 451
734, 794, 172, 635, 316, 553, 848
956, 33, 368, 712
392, 416
480, 446, 185, 777, 88
799, 512, 350
277, 755, 421, 351
110, 396, 602, 568, 994
242, 962, 771
632, 189, 969
848, 448, 758, 765
630, 700, 279, 700, 784
419, 719
604, 404
776, 555, 251, 324, 622
554
582, 122, 596, 791, 341, 560, 876, 518
930, 783, 29, 125
507, 964, 483
226, 385, 266, 692, 163, 916
685, 870, 805
969, 516, 233
441, 775
533, 930, 592, 551, 915
167, 246

845, 307, 545
133, 79, 690
590
888, 893, 520, 581, 764
917, 215
42, 263, 412, 682
305
185, 302, 532, 878
8, 936, 170, 467
878, 796, 517
499, 158
116, 215, 759
221, 430, 80, 355
966, 592, 494, 284, 46
282, 745, 917, 803
588, 281, 700, 568
772, 275, 319, 372
258, 476, 406, 612, 962
173, 478, 34, 286, 353
179, 141
984, 675
586, 413, 228, 686
105, 765, 116, 104
829, 376, 469, 747, 835
35, 713, 719
809, 490
344, 193
192
548, 667, 461, 400
685
407, 790, 12
33, 549, 131
497, 69, 463
85, 481
476, 338, 834, 67, 808, 886
838, 652
460, 147, 255
466
185, 798, 227, 641, 376, 676
227, 689, 689, 962, 905, 668
968, 811
487, 266, 319
686, 117, 686, 413
648, 427
173, 996, 145
898, 968, 63, 699, 504, 230, 640, 352, 534
359, 356, 780, 255
23, 927, 487, 306
981, 333
491, 362, 89
188, 558, 117, 307
126, 412, 337, 496, 777
526, 692
662, 632, 632
512, 846
170
863, 771
756, 492
898, 836
963, 50, 368, 195, 735, 13

558
801, 928, 550
195, 605, 251, 373, 340
435, 201
421, 254, 905, 623
671, 421
379, 356
554, 462
55, 55, 590
902
958, 583, 525
275, 671, 633
331, 752, 398, 294
852, 247, 311
300
438, 823, 427, 942, 957
24, 266, 733
355, 385
262, 250, 329
137
532, 755, 519, 338, 941, 348
132, 127, 281
119, 542
180, 556, 120, 151
496
92, 1, 724
31, 622, 998, 433, 917, 860
706
87

599, 302, 930
472, 61, 455

216, 501, 442
511
497
776, 141
517, 661
760, 12, 780, 130, 392, 24, 531, 68
864, 670
609, 355
158, 438, 443
318, 989
559, 424, 114, 434
720, 533
195, 78, 390, 113, 237
881, 398, 263
262, 728, 627, 219, 544, 762, 539, 180, 157
905, 704, 435
148, 182, 40, 87, 246, 607, 960
173, 614, 631, 996
197, 658, 302, 827
746, 276, 57
388, 51, 567
45, 755, 977
221, 265, 107, 428
67, 798, 650, 799, 902
472, 669, 631
583, 935, 862
476
30, 96
370, 439, 190
578
703, 629, 979
663, 212
86, 123
476
534, 467, 984, 643, 33, 18
122, 635, 744, 154
27, 625, 845, 698
434, 418
103, 88, 567
746, 536, 981, 963, 693
900
880
571, 489, 638, 853
42, 411, 97, 632
166, 812, 316
176, 879, 306, 809
537, 163
207, 605, 19, 792
513, 219, 389
677
637, 509, 972
475, 616, 788
150, 435, 393, 474
622, 357, 294, 935
855, 345, 465, 165
350, 187, 306, 656, 541, 45
124, 480, 993, 221
685, 380, 5, 532, 270, 764
626, 764
453, 840, 495
709, 433

661
37, 996, 940, 297
598, 518, 641
948, 424
126, 279
968, 250, 976, 158, 681, 196, 434
672, 247, 820, 233, 576, 786
518, 356, 227
564, 494, 687
970, 785, 434
203, 31, 986, 963, 541, 475
872, 304
135, 815, 815, 394, 324
585, 564

212, 130, 908
62, 946, 121
809
408, 423

723, 269, 396
408, 925, 407
299, 196, 597

217, 77, 307, 759
206, 16
670
390, 17, 8, 301, 419, 311
2, 585
845, 528, 135
337
59, 681, 597, 136, 942
989, 670, 871
939, 518, 231, 705
480
682, 441
453, 615, 596, 133, 299
33, 210, 889, 800
968, 204
189
959
330
647, 832, 777
880, 417, 701

631, 622
156, 569, 591


721, 938
498, 2, 911, 783, 479
921, 347, 509
917, 509, 795, 36
250, 932, 3, 271, 283, 12
417, 505, 987
457, 38

734
526, 862
590, 167, 766, 496, 861, 957, 304
703
948, 747, 915
887, 441
528, 511
29, 312
24, 393
401
413, 641
547, 835, 411, 201
514, 814, 489, 455, 602
470
252, 273
247, 986
204, 637
144, 18, 86
438, 656, 592, 654, 305
454, 786, 386
782, 188, 399, 595, 846, 136
754
388, 158, 34
255, 530, 521, 554
405, 147, 99, 394
988
612, 681, 415
865
650, 451, 317, 129
16, 100, 221, 840, 49

450, 227, 392, 438, 986

123, 650, 204
3
538
905
291, 914, 197, 965, 129
692, 582, 933, 705, 384, 125
7
781, 20
300
386, 717, 190, 346, 764


896, 756, 986, 686, 712
55, 118, 110, 940
907, 907, 26
818, 422
457, 415
588, 491, 253
853, 290
421, 446
332
897, 212
13, 184, 413, 644, 864
545, 556, 640
855, 734, 61, 661, 178, 22, 651, 106
968

374
362, 35, 854, 939

287

254, 824

520, 218, 62, 176, 694
223, 949, 709, 220
327, 468, 346, 592, 106, 169
644, 638, 313, 407, 738
17
856, 288
567, 23, 898, 971
288, 272, 600
794, 364, 766
997, 655
368, 387, 252, 9, 273
852
836, 921, 190
804, 139, 906
728
72, 559, 439, 267, 427, 834, 723
460, 579, 75
171, 245
616, 122, 302, 328
531, 819
507
864, 338, 806, 105
928, 53, 429
371, 212
434, 616, 574
223, 582, 87
415, 255
402
50
623, 276, 243, 963, 43
306, 323, 399, 723, 862
304, 718
383, 296, 399, 843, 151
757
62
629, 686, 664
41, 706, 780, 372, 813, 956
277, 994, 639
498, 435, 897, 345
660
603, 380
918, 808, 692, 841, 687, 292
642, 630, 605
812, 508
34, 933, 252, 226
791, 479, 128
116, 544
202, 390, 307, 292, 506
985, 133, 254
808
311, 762
604
594, 504, 771
349, 76, 365, 79
695, 58, 780, 170
264, 218, 280

4, 667, 775, 97
975, 74
905, 92, 813, 875, 891
454, 169, 232, 441, 346, 377, 857
885, 147
835, 16, 53, 750
500, 231

337, 58, 567
527, 170, 409, 797, 444, 577
582, 964, 366, 628
441, 567, 332, 49
804, 303, 758, 153, 691
615, 102, 936, 266
734, 16
424, 498, 121
